total_reads: 113415289
total_bases: 10797117633
unique_reads: 108512541
unique_read_bases: 10328981217
non_duplicate_fraction: 0.925491
duplicate_reads: 3547714
reads_removed: 4902748
duplication_rate: 2.38195
