total_reads: 145914765
total_bases: 14642885063
unique_reads: 141231165
unique_read_bases: 14172359940
non_duplicate_fraction: 0.944935
duplicate_reads: 3351140
reads_removed: 4683600
duplication_rate: 2.39761
