total_reads: 88649294
total_bases: 19853448772
unique_reads: 40638849
unique_read_bases: 8902130884
non_duplicate_fraction: 0.254512
duplicate_reads: 18076558
reads_removed: 48010445
duplication_rate: 3.65595
