total_reads: 178907980
total_bases: 29018855636
unique_reads: 137370865
unique_read_bases: 23178605540
non_duplicate_fraction: 0.729875
duplicate_reads: 6790357
reads_removed: 41537115
duplication_rate: 7.11707
