total_reads: 57406341
total_bases: 15037706773
unique_reads: 25759689
unique_read_bases: 6639683046
non_duplicate_fraction: 0.242237
duplicate_reads: 11853761
reads_removed: 31646652
duplication_rate: 3.66976
