correct_reads: 1897256
incorrect_reads: 15439
sensitivity: 0.948628
specificity: 0.991928
F1: 0.969795
