correct_reads: 1883058
incorrect_reads: 11108
sensitivity: 0.941529
specificity: 0.994136
F1: 0.967117
