correct_reads: 1904905
incorrect_reads: 331
sensitivity: 0.952453
specificity: 0.999826
F1: 0.975565
