correct_reads: 1921336
incorrect_reads: 174
sensitivity: 0.960668
specificity: 0.999909
F1: 0.979896
