correct_reads: 1851864
incorrect_reads: 3134
sensitivity: 0.925932
specificity: 0.998311
F1: 0.96076
