correct_reads: 1908972
incorrect_reads: 282
sensitivity: 0.954486
specificity: 0.999852
F1: 0.976643
