correct_reads: 1913166
incorrect_reads: 266
sensitivity: 0.956583
specificity: 0.999861
F1: 0.977743
