correct_reads: 1885034
incorrect_reads: 16050
sensitivity: 0.942517
specificity: 0.991557
F1: 0.966415
