correct_reads: 1892261
incorrect_reads: 16980
sensitivity: 0.94613
specificity: 0.991106
F1: 0.968096
