correct_reads: 1821734
incorrect_reads: 24774
sensitivity: 0.910867
specificity: 0.986583
F1: 0.947214
