correct_reads: 1871092
incorrect_reads: 22460
sensitivity: 0.935546
specificity: 0.988139
F1: 0.961123
