total_reads: 127597717
total_bases: 13794042728
unique_reads: 72106588
unique_read_bases: 7809244253
non_duplicate_fraction: 0.481157
duplicate_reads: 10712052
reads_removed: 55491129
duplication_rate: 6.18025
