total_reads: 230484928
total_bases: 22929270504
unique_reads: 212761940
unique_read_bases: 21169105979
non_duplicate_fraction: 0.877362
duplicate_reads: 10543168
reads_removed: 17722988
duplication_rate: 2.68099
