total_reads: 31515389
total_bases: 3746911521
unique_reads: 25264808
unique_read_bases: 3004431037
non_duplicate_fraction: 0.668606
duplicate_reads: 4193438
reads_removed: 6250581
duplication_rate: 2.49056
