total_reads: 268720022
total_bases: 26316100296
unique_reads: 245332253
unique_read_bases: 24037081665
non_duplicate_fraction: 0.869402
duplicate_reads: 11706539
reads_removed: 23387769
duplication_rate: 2.99784
