total_reads: 95568063
total_bases: 13783896338
unique_reads: 80226590
unique_read_bases: 11675506077
non_duplicate_fraction: 0.705057
duplicate_reads: 12845702
reads_removed: 15341473
duplication_rate: 2.19429
