total_reads: 126654881
total_bases: 13693672528
unique_reads: 72580289
unique_read_bases: 7863172263
non_duplicate_fraction: 0.48749
duplicate_reads: 10837347
reads_removed: 54074592
duplication_rate: 5.98965
