total_reads: 66995983
total_bases: 10013375788
unique_reads: 49967142
unique_read_bases: 7512456822
non_duplicate_fraction: 0.617989
duplicate_reads: 8564369
reads_removed: 17028841
duplication_rate: 2.98834
