total_reads: 32176461
total_bases: 2874597351
unique_reads: 27299791
unique_read_bases: 2440349909
non_duplicate_fraction: 0.75941
duplicate_reads: 2864662
reads_removed: 4876670
duplication_rate: 2.70235
