total_reads: 121571166
total_bases: 9699730053
unique_reads: 116310319
unique_read_bases: 9223412210
non_duplicate_fraction: 0.935162
duplicate_reads: 2621554
reads_removed: 5260847
duplication_rate: 3.00677
