total_reads: 206645978
total_bases: 18485005195
unique_reads: 166160849
unique_read_bases: 14863499796
non_duplicate_fraction: 0.66069
duplicate_reads: 29631994
reads_removed: 40485129
duplication_rate: 2.36626
