total_reads: 207381508
total_bases: 18554844523
unique_reads: 166789657
unique_read_bases: 14923070464
non_duplicate_fraction: 0.660735
duplicate_reads: 29765518
reads_removed: 40591851
duplication_rate: 2.36372
