total_reads: 128956246
total_bases: 16041917451
unique_reads: 104187253
unique_read_bases: 12960559824
non_duplicate_fraction: 0.665372
duplicate_reads: 18383319
reads_removed: 24768993
duplication_rate: 2.34736
