total_reads: 107585592
total_bases: 12685404807
unique_reads: 87179367
unique_read_bases: 10493953174
non_duplicate_fraction: 0.639193
duplicate_reads: 18411428
reads_removed: 20406225
duplication_rate: 2.10835
