total_reads: 177577518
total_bases: 26484051794
unique_reads: 146255485
unique_read_bases: 21830149947
non_duplicate_fraction: 0.687904
duplicate_reads: 24099126
reads_removed: 31322033
duplication_rate: 2.29972
