total_reads: 252316850
total_bases: 31629896829
unique_reads: 183699822
unique_read_bases: 23025865701
non_duplicate_fraction: 0.629679
duplicate_reads: 24821105
reads_removed: 68617028
duplication_rate: 3.76446
