total_reads: 107811470
total_bases: 12716978943
unique_reads: 87258641
unique_read_bases: 10509075278
non_duplicate_fraction: 0.637482
duplicate_reads: 18530723
reads_removed: 20552829
duplication_rate: 2.10912
