total_reads: 212107413
total_bases: 29148091568
unique_reads: 175842874
unique_read_bases: 24137395683
non_duplicate_fraction: 0.69734
duplicate_reads: 27931849
reads_removed: 36264539
duplication_rate: 2.29832
