total_reads: 369493085
total_bases: 36240022084
unique_reads: 321734890
unique_read_bases: 31745690301
non_duplicate_fraction: 0.769555
duplicate_reads: 37389596
reads_removed: 47758195
duplication_rate: 2.27731
