total_reads: 318162737
total_bases: 31248051421
unique_reads: 237318300
unique_read_bases: 23539215096
non_duplicate_fraction: 0.653993
duplicate_reads: 29242070
reads_removed: 80844437
duplication_rate: 3.76466
