total_reads: 47406452
total_bases: 8924819942
unique_reads: 43796890
unique_read_bases: 8247645877
non_duplicate_fraction: 0.854497
duplicate_reads: 3288205
reads_removed: 3609562
duplication_rate: 2.09773
