total_reads: 31199579
total_bases: 3713908727
unique_reads: 25024045
unique_read_bases: 2976975371
non_duplicate_fraction: 0.667483
duplicate_reads: 4198859
reads_removed: 6175534
duplication_rate: 2.47076
