total_reads: 116333083
total_bases: 20957572600
unique_reads: 114743757
unique_read_bases: 20672923073
non_duplicate_fraction: 0.975156
duplicate_reads: 1300833
reads_removed: 1589326
duplication_rate: 2.22178
