total_reads: 112826249
total_bases: 10740948875
unique_reads: 107992830
unique_read_bases: 10279408122
non_duplicate_fraction: 0.925889
duplicate_reads: 3528210
reads_removed: 4833419
duplication_rate: 2.36994
