total_reads: 31333168
total_bases: 3729831226
unique_reads: 25145650
unique_read_bases: 2991467205
non_duplicate_fraction: 0.668359
duplicate_reads: 4203830
reads_removed: 6187518
duplication_rate: 2.47188
