total_reads: 47148445
total_bases: 8881733004
unique_reads: 43568485
unique_read_bases: 8209582870
non_duplicate_fraction: 0.85472
duplicate_reads: 3269766
reads_removed: 3579960
duplication_rate: 2.09487
