total_reads: 66842219
total_bases: 10052232353
unique_reads: 50048205
unique_read_bases: 7526127686
non_duplicate_fraction: 0.619178
duplicate_reads: 8660992
reads_removed: 16794014
duplication_rate: 2.93904
