total_reads: 66510171
total_bases: 10002359118
unique_reads: 49893711
unique_read_bases: 7502924477
non_duplicate_fraction: 0.620211
duplicate_reads: 8643345
reads_removed: 16616460
duplication_rate: 2.92246
