total_reads: 27911020
total_bases: 5238457356
unique_reads: 27673470
unique_read_bases: 5194578002
non_duplicate_fraction: 0.983218
duplicate_reads: 230852
reads_removed: 237550
duplication_rate: 2.02901
