total_reads: 221014960
total_bases: 21427316158
unique_reads: 170451037
unique_read_bases: 16494715772
non_duplicate_fraction: 0.633124
duplicate_reads: 30521181
reads_removed: 50563923
duplication_rate: 2.65668
