total_reads: 219247324
total_bases: 21254964668
unique_reads: 169350874
unique_read_bases: 16388120172
non_duplicate_fraction: 0.633548
duplicate_reads: 30447066
reads_removed: 49896450
duplication_rate: 2.63879
