total_reads: 16743630
total_bases: 2701522726
unique_reads: 16329864
unique_read_bases: 2632622671
non_duplicate_fraction: 0.959893
duplicate_reads: 257777
reads_removed: 413766
duplication_rate: 2.60513
