total_reads: 15924141
total_bases: 2562915680
unique_reads: 15620605
unique_read_bases: 2515143053
non_duplicate_fraction: 0.969452
duplicate_reads: 182910
reads_removed: 303536
duplication_rate: 2.65948
