total_reads: 195332941
total_bases: 18926254674
unique_reads: 154212025
unique_read_bases: 14919029450
non_duplicate_fraction: 0.648906
duplicate_reads: 27459296
reads_removed: 41120916
duplication_rate: 2.49752
