total_reads: 100440955
total_bases: 17756121572
unique_reads: 81656665
unique_read_bases: 14519623107
non_duplicate_fraction: 0.674052
duplicate_reads: 13954246
reads_removed: 18784290
duplication_rate: 2.34613
