total_reads: 145056455
total_bases: 14556476846
unique_reads: 140515109
unique_read_bases: 14100345450
non_duplicate_fraction: 0.945739
duplicate_reads: 3329552
reads_removed: 4541346
duplication_rate: 2.36395
