total_reads: 87365763
total_bases: 19680913051
unique_reads: 75613841
unique_read_bases: 17069962177
non_duplicate_fraction: 0.746861
duplicate_reads: 10363741
reads_removed: 11751922
duplication_rate: 2.13395
