total_reads: 50329877
total_bases: 7529741047
unique_reads: 47881212
unique_read_bases: 7165252132
non_duplicate_fraction: 0.903165
duplicate_reads: 2425004
reads_removed: 2448665
duplication_rate: 2.00976
