total_reads: 129392186
total_bases: 16101324909
unique_reads: 104577045
unique_read_bases: 13013517168
non_duplicate_fraction: 0.66504
duplicate_reads: 18526109
reads_removed: 24815141
duplication_rate: 2.33947
