total_reads: 7899429
total_bases: 1860049144
unique_reads: 5735598
unique_read_bases: 1334174503
non_duplicate_fraction: 0.530568
duplicate_reads: 1544410
reads_removed: 2163831
duplication_rate: 2.40107
