total_reads: 59878026
total_bases: 12219987888
unique_reads: 48606096
unique_read_bases: 9951054062
non_duplicate_fraction: 0.663032
duplicate_reads: 8905067
reads_removed: 11271930
duplication_rate: 2.26579
