total_reads: 179632368
total_bases: 30281332704
unique_reads: 167419342
unique_read_bases: 28253493368
non_duplicate_fraction: 0.870083
duplicate_reads: 11124296
reads_removed: 12213026
duplication_rate: 2.09787
