total_reads: 40721004
total_bases: 8492433244
unique_reads: 26008150
unique_read_bases: 5380413341
non_duplicate_fraction: 0.436032
duplicate_reads: 8252471
reads_removed: 14712854
duplication_rate: 2.78284
