total_reads: 83259194
total_bases: 13057666576
unique_reads: 44166321
unique_read_bases: 7056653518
non_duplicate_fraction: 0.465173
duplicate_reads: 5436382
reads_removed: 39092873
duplication_rate: 8.19097
