total_reads: 141705957
total_bases: 21928713622
unique_reads: 136366012
unique_read_bases: 21275556340
non_duplicate_fraction: 0.948453
duplicate_reads: 1964563
reads_removed: 5339945
duplication_rate: 3.71813
