total_reads: 109521107
total_bases: 18157199617
unique_reads: 88176664
unique_read_bases: 14713667864
non_duplicate_fraction: 0.669178
duplicate_reads: 14887603
reads_removed: 21344443
duplication_rate: 2.43371
