total_reads: 116942753
total_bases: 14551806977
unique_reads: 95213587
unique_read_bases: 11848064183
non_duplicate_fraction: 0.667291
duplicate_reads: 17178727
reads_removed: 21729166
duplication_rate: 2.26489
