total_reads: 61907760
total_bases: 8602243185
unique_reads: 56752339
unique_read_bases: 7923006658
non_duplicate_fraction: 0.845818
duplicate_reads: 4389613
reads_removed: 5155421
duplication_rate: 2.17446
