total_reads: 113003816
total_bases: 10757919241
unique_reads: 108143104
unique_read_bases: 10293795599
non_duplicate_fraction: 0.925873
duplicate_reads: 3515955
reads_removed: 4860712
duplication_rate: 2.38247
