total_reads: 76256688
mapped: 
    num_mapped: 72463153
    num_unique: 65911130
    num_ambiguous: 6552023
    percent_mapped: 95.0253
    percent_unique: 86.4332
    percent_ambiguous: 8.59206
    unique_error:
        edits: 55758648
        total_bases: 9912377435
        error_rate: 0.562515
num_unmapped: 3793535
num_skipped: 123
percent_unmapped: 4.97469
percent_skipped: 0.000161297
