total_reads: 122262133
total_bases: 21407281518
unique_reads: 118316016
unique_read_bases: 20879424537
non_duplicate_fraction: 0.954182
duplicate_reads: 1655644
reads_removed: 3946117
duplication_rate: 3.38343
