total_reads: 38838190
mapped: 
    num_mapped: 37163853
    num_unique: 31059003
    num_ambiguous: 6104850
    percent_mapped: 95.6889
    percent_unique: 79.9703
    percent_ambiguous: 15.7187
    unique_error:
        edits: 35800322
        total_bases: 3697153576
        error_rate: 0.968321
num_unmapped: 1674337
num_skipped: 323
percent_unmapped: 4.31106
percent_skipped: 0.000831656
