total_reads: 145201513
total_bases: 22404404266
unique_reads: 139437990
unique_read_bases: 21673449168
non_duplicate_fraction: 0.947403
duplicate_reads: 1873639
reads_removed: 5763523
duplication_rate: 4.07611
