total_reads: 77796670
total_bases: 11956842934
unique_reads: 41807522
unique_read_bases: 6491861178
non_duplicate_fraction: 0.475828
duplicate_reads: 4789711
reads_removed: 35989148
duplication_rate: 8.51385
