total_reads: 67576694
total_bases: 10300783300
unique_reads: 66766702
unique_read_bases: 10183683204
non_duplicate_fraction: 0.978356
duplicate_reads: 652669
reads_removed: 809992
duplication_rate: 2.24105
