total_reads: 219889764
total_bases: 21319822723
unique_reads: 170858990
unique_read_bases: 16538617378
non_duplicate_fraction: 0.641162
duplicate_reads: 29874129
reads_removed: 49030774
duplication_rate: 2.64125
