total_reads: 108858618
total_bases: 18213009413
unique_reads: 87718159
unique_read_bases: 14771049590
non_duplicate_fraction: 0.668686
duplicate_reads: 14925924
reads_removed: 21140459
duplication_rate: 2.41636
