total_reads: 122046778
total_bases: 9719420187
unique_reads: 116760508
unique_read_bases: 9245829000
non_duplicate_fraction: 0.935149
duplicate_reads: 2628591
reads_removed: 5286270
duplication_rate: 3.01107
