total_reads: 55224329
total_bases: 8079666040
unique_reads: 52565528
unique_read_bases: 7691714283
non_duplicate_fraction: 0.904962
duplicate_reads: 2589626
reads_removed: 2658801
duplication_rate: 2.02671
