total_reads: 20176752
total_bases: 4985424467
unique_reads: 18618971
unique_read_bases: 4685909090
non_duplicate_fraction: 0.892036
duplicate_reads: 620583
reads_removed: 1557781
duplication_rate: 3.51019
