total_reads: 139994176
mapped: 
    num_mapped: 134607677
    num_unique: 127233778
    num_ambiguous: 7373899
    percent_mapped: 96.1523
    percent_unique: 90.8851
    percent_ambiguous: 5.26729
    unique_error:
        edits: 154447244
        total_bases: 15832766327
        error_rate: 0.975491
num_unmapped: 5386499
num_skipped: 45
percent_unmapped: 3.84766
percent_skipped: 3.21442e-05
