total_reads: 95128202
total_bases: 20425881526
unique_reads: 82192096
unique_read_bases: 17675661720
non_duplicate_fraction: 0.746586
duplicate_reads: 11170731
reads_removed: 12936106
duplication_rate: 2.15804
