total_reads: 144040201
total_bases: 29989265479
unique_reads: 105190056
unique_read_bases: 22832636708
non_duplicate_fraction: 0.64437
duplicate_reads: 12374855
reads_removed: 38850145
duplication_rate: 4.13944
