total_reads: 14504196
total_bases: 2885937553
unique_reads: 10567597
unique_read_bases: 2079618361
non_duplicate_fraction: 0.538155
duplicate_reads: 2762086
reads_removed: 3936599
duplication_rate: 2.42523
