total_reads: 14537262
total_bases: 2915051995
unique_reads: 10646313
unique_read_bases: 2110929519
non_duplicate_fraction: 0.543462
duplicate_reads: 2745867
reads_removed: 3890949
duplication_rate: 2.41702
