total_reads: 115567061
total_bases: 24288507423
unique_reads: 101497381
unique_read_bases: 21322383141
non_duplicate_fraction: 0.775528
duplicate_reads: 11871879
reads_removed: 14069680
duplication_rate: 2.18513
