total_reads: 179163426
total_bases: 29068387452
unique_reads: 137504687
unique_read_bases: 23203351235
non_duplicate_fraction: 0.729486
duplicate_reads: 6807501
reads_removed: 41658739
duplication_rate: 7.11953
