total_reads: 56996895
total_bases: 10587119643
unique_reads: 35755227
unique_read_bases: 6616126556
non_duplicate_fraction: 0.430327
duplicate_reads: 11227931
reads_removed: 21241668
duplication_rate: 2.89186
