correct_reads: 1897859
incorrect_reads: 8981
sensitivity: 0.948929
specificity: 0.99529
F1: 0.971557
