correct_reads: 1914088
incorrect_reads: 1959
sensitivity: 0.957044
specificity: 0.998978
F1: 0.977561
