correct_reads: 1905455
incorrect_reads: 2586
sensitivity: 0.952727
specificity: 0.998645
F1: 0.975146
