correct_reads: 1872035
incorrect_reads: 33865
sensitivity: 0.936017
specificity: 0.982231
F1: 0.958568
