correct_reads: 1833040
incorrect_reads: 22188
sensitivity: 0.91652
specificity: 0.98804
F1: 0.950937
