correct_reads: 1902477
incorrect_reads: 9437
sensitivity: 0.951238
specificity: 0.995064
F1: 0.972658
