correct_reads: 1902307
incorrect_reads: 11403
sensitivity: 0.951153
specificity: 0.994041
F1: 0.972125
