correct_reads: 1770584
incorrect_reads: 0
sensitivity: 0.885292
specificity: 1
F1: 0.939156
