correct_reads: 1879188
incorrect_reads: 0
sensitivity: 0.939594
specificity: 1
F1: 0.968856
