correct_reads: 1637120
incorrect_reads: 8028
sensitivity: 0.81856
specificity: 0.99512
F1: 0.898246
