correct_reads: 1656097
incorrect_reads: 0
sensitivity: 0.828048
specificity: 1
F1: 0.905937
