correct_reads: 1804306
incorrect_reads: 0
sensitivity: 0.902153
specificity: 1
F1: 0.94856
