correct_reads: 1874277
incorrect_reads: 33451
sensitivity: 0.937138
specificity: 0.982466
F1: 0.959267
