correct_reads: 1872787
incorrect_reads: 7866
sensitivity: 0.936393
specificity: 0.995817
F1: 0.965192
