correct_reads: 1914542
incorrect_reads: 2650
sensitivity: 0.957271
specificity: 0.998618
F1: 0.977507
