correct_reads: 1889697
incorrect_reads: 8241
sensitivity: 0.944848
specificity: 0.995658
F1: 0.969588
