correct_reads: 1864194
incorrect_reads: 8451
sensitivity: 0.932097
specificity: 0.995487
F1: 0.96275
