total_reads: 31616087
total_bases: 3759641279
unique_reads: 25346710
unique_read_bases: 3014838672
non_duplicate_fraction: 0.668915
duplicate_reads: 4198239
reads_removed: 6269377
duplication_rate: 2.49333
