total_reads: 252999504
total_bases: 31729144287
unique_reads: 183753474
unique_read_bases: 23044341586
non_duplicate_fraction: 0.625502
duplicate_reads: 25501843
reads_removed: 69246030
duplication_rate: 3.71533
