total_reads: 317757468
total_bases: 31209137716
unique_reads: 238076340
unique_read_bases: 23619026581
non_duplicate_fraction: 0.656588
duplicate_reads: 29440473
reads_removed: 79681128
duplication_rate: 3.70652
