total_reads: 370979122
total_bases: 36393377717
unique_reads: 322479223
unique_read_bases: 31828347670
non_duplicate_fraction: 0.766933
duplicate_reads: 37963247
reads_removed: 48499899
duplication_rate: 2.27755
