total_reads: 63257526
total_bases: 8358297868
unique_reads: 54830429
unique_read_bases: 7366457643
non_duplicate_fraction: 0.77047
duplicate_reads: 6092425
reads_removed: 8427097
duplication_rate: 2.38321
