total_reads: 65410351
total_bases: 9837349242
unique_reads: 49294257
unique_read_bases: 7412983661
non_duplicate_fraction: 0.621294
duplicate_reads: 8655203
reads_removed: 16116094
duplication_rate: 2.86201
