total_reads: 106077313
total_bases: 10097933863
unique_reads: 101020469
unique_read_bases: 9614990791
non_duplicate_fraction: 0.917606
duplicate_reads: 3683295
reads_removed: 5056844
duplication_rate: 2.37291
