total_reads: 17319578
total_bases: 2722290009
unique_reads: 16443384
unique_read_bases: 2613704955
non_duplicate_fraction: 0.933137
duplicate_reads: 281853
reads_removed: 876194
duplication_rate: 4.10869
