total_reads: 114156502
total_bases: 18538265137
unique_reads: 92191483
unique_read_bases: 15084211829
non_duplicate_fraction: 0.67249
duplicate_reads: 15422360
reads_removed: 21965019
duplication_rate: 2.42423
