total_reads: 54638942
total_bases: 7978058860
unique_reads: 51923354
unique_read_bases: 7584300656
non_duplicate_fraction: 0.902448
duplicate_reads: 2614542
reads_removed: 2715588
duplication_rate: 2.03865
