total_reads: 89973848
total_bases: 18661285834
unique_reads: 77302528
unique_read_bases: 16074552793
non_duplicate_fraction: 0.738928
duplicate_reads: 10818374
reads_removed: 12671320
duplication_rate: 2.17128
