total_reads: 94112026
total_bases: 19980853090
unique_reads: 81103910
unique_read_bases: 17255900261
non_duplicate_fraction: 0.743227
duplicate_reads: 11157306
reads_removed: 13008116
duplication_rate: 2.16588
