total_reads: 125212249
total_bases: 15581240642
unique_reads: 100749189
unique_read_bases: 12537112251
non_duplicate_fraction: 0.658469
duplicate_reads: 18300833
reads_removed: 24463060
duplication_rate: 2.33672
