total_reads: 13955153
total_bases: 2673078005
unique_reads: 9839678
unique_read_bases: 1883653108
non_duplicate_fraction: 0.512721
duplicate_reads: 2684573
reads_removed: 4115475
duplication_rate: 2.53301
