total_reads: 92166889
total_bases: 17961654084
unique_reads: 74742219
unique_read_bases: 14559969636
non_duplicate_fraction: 0.668076
duplicate_reads: 13167751
reads_removed: 17424670
duplication_rate: 2.32328
