total_reads: 58249845
total_bases: 10324704234
unique_reads: 35246214
unique_read_bases: 6319531864
non_duplicate_fraction: 0.416567
duplicate_reads: 10981240
reads_removed: 23003631
duplication_rate: 3.09481
