total_reads: 31065288
total_bases: 3697939646
unique_reads: 24476891
unique_read_bases: 2911617044
non_duplicate_fraction: 0.645272
duplicate_reads: 4431332
reads_removed: 6588397
duplication_rate: 2.48678
