total_reads: 66725094
total_bases: 10034749566
unique_reads: 49346799
unique_read_bases: 7420588528
non_duplicate_fraction: 0.608056
duplicate_reads: 8774186
reads_removed: 17378295
duplication_rate: 2.98062
