total_reads: 83393468
total_bases: 13083886238
unique_reads: 44218626
unique_read_bases: 7068897875
non_duplicate_fraction: 0.46494
duplicate_reads: 5445688
reads_removed: 39174842
duplication_rate: 8.19374
