total_reads: 121382957
total_bases: 21316553257
unique_reads: 117856593
unique_read_bases: 20847143118
non_duplicate_fraction: 0.956566
duplicate_reads: 1745831
reads_removed: 3526364
duplication_rate: 3.01988
