total_reads: 48743198
total_bases: 9052021209
unique_reads: 45113864
unique_read_bases: 8380842751
non_duplicate_fraction: 0.857515
duplicate_reads: 3315862
reads_removed: 3629334
duplication_rate: 2.09454
