total_reads: 222605167
total_bases: 21588589447
unique_reads: 168306343
unique_read_bases: 16286865806
non_duplicate_fraction: 0.618163
duplicate_reads: 30700001
reads_removed: 54298824
duplication_rate: 2.76869
