total_reads: 18059741
total_bases: 2877427604
unique_reads: 17247882
unique_read_bases: 2758087791
non_duplicate_fraction: 0.933302
duplicate_reads: 392681
reads_removed: 811859
duplication_rate: 3.06748
