total_reads: 127917485
total_bases: 15917600572
unique_reads: 102583399
unique_read_bases: 12765116281
non_duplicate_fraction: 0.655781
duplicate_reads: 18697582
reads_removed: 25334086
duplication_rate: 2.35494
