total_reads: 94122639
total_bases: 20233615293
unique_reads: 81889616
unique_read_bases: 17615775647
non_duplicate_fraction: 0.756192
duplicate_reads: 10714816
reads_removed: 12233023
duplication_rate: 2.14169
