total_reads: 141740685
total_bases: 29751080385
unique_reads: 101040248
unique_read_bases: 21936780999
non_duplicate_fraction: 0.611874
duplicate_reads: 14312787
reads_removed: 40700437
duplication_rate: 3.84364
