total_reads: 54591272
total_bases: 7990420077
unique_reads: 51980579
unique_read_bases: 7609548062
non_duplicate_fraction: 0.905108
duplicate_reads: 2569594
reads_removed: 2610693
duplication_rate: 2.01599
