total_reads: 114266438
total_bases: 24152881182
unique_reads: 101389809
unique_read_bases: 21373104794
non_duplicate_fraction: 0.788669
duplicate_reads: 11271361
reads_removed: 12876629
duplication_rate: 2.14242
