total_reads: 184791951
total_bases: 30269358280
unique_reads: 139053974
unique_read_bases: 23616912534
non_duplicate_fraction: 0.71045
duplicate_reads: 7768516
reads_removed: 45737977
duplication_rate: 6.88761
