total_reads: 191788316
total_bases: 31092318775
unique_reads: 178720498
unique_read_bases: 29017673907
non_duplicate_fraction: 0.872397
duplicate_reads: 11404918
reads_removed: 13067818
duplication_rate: 2.14581
