total_reads: 61053417
total_bases: 9182044473
unique_reads: 46078450
unique_read_bases: 6929301306
non_duplicate_fraction: 0.621018
duplicate_reads: 8163205
reads_removed: 14974967
duplication_rate: 2.83445
