total_reads: 97100515
total_bases: 9240949789
unique_reads: 92559658
unique_read_bases: 8807309283
non_duplicate_fraction: 0.919571
duplicate_reads: 3268852
reads_removed: 4540857
duplication_rate: 2.38913
