total_reads: 145527197
total_bases: 23500672306
unique_reads: 137048867
unique_read_bases: 22413893011
non_duplicate_fraction: 0.928062
duplicate_reads: 1990612
reads_removed: 8478330
duplication_rate: 5.25916
