total_reads: 17389560
total_bases: 3691130952
unique_reads: 16419827
unique_read_bases: 3493062680
non_duplicate_fraction: 0.928408
duplicate_reads: 275224
reads_removed: 969733
duplication_rate: 4.52343
