total_reads: 67805255
total_bases: 13921414197
unique_reads: 59041462
unique_read_bases: 12153499034
non_duplicate_fraction: 0.760514
duplicate_reads: 7474592
reads_removed: 8763793
duplication_rate: 2.17248
