total_reads: 109694468
total_bases: 13649691371
unique_reads: 88184753
unique_read_bases: 10973145473
non_duplicate_fraction: 0.657021
duplicate_reads: 16113132
reads_removed: 21509715
duplication_rate: 2.33492
