total_reads: 51119643
total_bases: 7366974927
unique_reads: 48567595
unique_read_bases: 7006441557
non_duplicate_fraction: 0.902242
duplicate_reads: 2445322
reads_removed: 2552048
duplication_rate: 2.04364
