total_reads: 192794386
total_bases: 31930649896
unique_reads: 179203265
unique_read_bases: 29764554945
non_duplicate_fraction: 0.871332
duplicate_reads: 11215376
reads_removed: 13591121
duplication_rate: 2.21183
