total_reads: 174020937
total_bases: 34399563559
unique_reads: 135458977
unique_read_bases: 27264321449
non_duplicate_fraction: 0.741244
duplicate_reads: 6466994
reads_removed: 38561960
duplication_rate: 6.96289
