total_reads: 192195492
total_bases: 32022887939
unique_reads: 178755946
unique_read_bases: 29857786735
non_duplicate_fraction: 0.872002
duplicate_reads: 11161171
reads_removed: 13439546
duplication_rate: 2.20413
